8.736 2 -14 16
10.407 2 -13 18
11.452 1 -1 20
12.607 1 2 22
13.671 2 -9 21
14.639 2 -16 17
15.543 1 -10 18
16.199 1 -3 21
17.213 1 -11 17
18.227 2 -14 17
19.88 2 -18 12
20.676 2 -11 19
22.329 2 -8 19
23.766 1 -13 16
24.436 1 -9 18
24.904 1 -7 20
25.216 1 -8 20
25.544 1 -9 20
26.496 2 -16 15
26.745 2 -16 15
27.088 2 -11 17
27.4 2 -12 17
27.744 2 -9 19
28.134 2 -12 19
28.929 2 -13 17
32.331 1 -6 21
32.815 1 -4 21
33.267 1 -3 22
33.704 1 -3 21
34.297 1 -5 21
34.578 1 -6 20
35.467 2 -10 19
35.794 2 -11 18
36.184 2 -15 17
36.543 2 -15 18
37.448 1 -8 20
37.651 1 -6 21
38.088 1 -2 21
39.086 2 -10 18
39.398 2 -12 18
39.87 2 -12 18
40.525 1 -4 21
41.243 1 -5 20
42.21 2 -12 19
42.506 2 -13 20
43.725 2 -10 20
44.084 2 -8 19
44.458 2 -13 19
45.27 1 -7 19
45.566 1 -5 20
46.564 2 -11 19
46.908 2 -11 18
47.188 2 -13 19
47.953 1 -8 20
48.187 1 -5 20
